[
[1514761200.0,36427],
[1514847600.0,18132],
[1514934000.0,14976],
[1515020400.0,14176],
[1515106800.0,11655],
[1515193200.0,9520],
[1515279600.0,6024],
[1515366000.0,6608],
[1515452400.0,6603],
[1515538800.0,6454],
[1515625200.0,6302],
[1515711600.0,6930],
[1515798000.0,9024],
[1515884400.0,5577],
[1515970800.0,6228],
[1516057200.0,6151],
[1516143600.0,5693],
[1516230000.0,6117],
[1516316400.0,7323],
[1516402800.0,9306],
[1516489200.0,5687],
[1516575600.0,4778],
[1516662000.0,4315],
[1516748400.0,6894],
[1516834800.0,7091],
[1516921200.0,8960],
[1517007600.0,9980],
[1517094000.0,6346],
[1517180400.0,5829],
[1517266800.0,4839],
[1517353200.0,5937],
[1517439600.0,6096],
[1517526000.0,8885],
[1517612400.0,10678],
[1517698800.0,5506],
[1517785200.0,7040],
[1517871600.0,6928],
[1517958000.0,7063],
[1518044400.0,7521],
[1518130800.0,9517],
[1518217200.0,13213],
[1518303600.0,11162],
[1518390000.0,12148],
[1518476400.0,12175],
[1518562800.0,12937],
[1518649200.0,11683],
[1518735600.0,14771],
[1518822000.0,17269],
[1518908400.0,14642],
[1518994800.0,15340],
[1519081200.0,15630],
[1519167600.0,13702],
[1519254000.0,15024],
[1519340400.0,16754],
[1519426800.0,18355],
[1519513200.0,14618],
[1519599600.0,14682],
[1519686000.0,12430],
[1519772400.0,12622],
[1519858800.0,17422],
[1519945200.0,13790],
[1520031600.0,14941],
[1520118000.0,8845],
[1520204400.0,11610],
[1520290800.0,14054],
[1520377200.0,14375],
[1520463600.0,13608],
[1520550000.0,16042],
[1520636400.0,12212],
[1520722800.0,8700],
[1520809200.0,10812],
[1520895600.0,10170],
[1520982000.0,3658],
[1521068400.0,2110],
[1521154800.0,10839],
[1521241200.0,11029],
[1521327600.0,7076],
[1521414000.0,7290],
[1521500400.0,7729],
[1521586800.0,8729],
[1521673200.0,8748],
[1521759600.0,10131],
[1521846000.0,10617],
[1521932400.0,8504],
[1522015200.0,7358],
[1522101600.0,8286],
[1522188000.0,9123],
[1522274400.0,10087],
[1522360800.0,14998],
[1522447200.0,18244],
[1522533600.0,16177],
[1522620000.0,8678],
[1522706400.0,7802],
[1522792800.0,8020],
[1522879200.0,6987],
[1522965600.0,7998],
[1523052000.0,8795],
[1523138400.0,6182],
[1523224800.0,7072],
[1523311200.0,7490],
[1523397600.0,6577],
[1523484000.0,7915],
[1523570400.0,10671],
[1523656800.0,11768],
[1523743200.0,9553],
[1523829600.0,10145],
[1523916000.0,11709],
[1524002400.0,10825],
[1524088800.0,11135],
[1524175200.0,11484],
[1524261600.0,12112],
[1524348000.0,9274],
[1524434400.0,9212],
[1524520800.0,7951],
[1524607200.0,7651],
[1524693600.0,7890],
[1524780000.0,8751],
[1524866400.0,10178],
[1524952800.0,8029],
[1525039200.0,10140],
[1525125600.0,9875],
[1525212000.0,8874],
[1525298400.0,10274],
[1525384800.0,10793],
[1525471200.0,14056],
[1525557600.0,3500],
[1525644000.0,14426],
[1525730400.0,12996],
[1525816800.0,14473],
[1525903200.0,14403],
[1525989600.0,14890],
[1526076000.0,13962],
[1526162400.0,7849],
[1526248800.0,6889],
[1526335200.0,8178],
[1526421600.0,8453],
[1526508000.0,8345],
[1526594400.0,10325],
[1526680800.0,10239],
[1526767200.0,2503],
[1526853600.0,1439],
[1526940000.0,8430],
[1527026400.0,9372],
[1527112800.0,8033],
[1527199200.0,3976],
[1527285600.0,4963],
[1527372000.0,3399],
[1527458400.0,9213],
[1527544800.0,8092],
[1527631200.0,7749],
[1527717600.0,8399],
[1527804000.0,9502],
[1527890400.0,11326],
[1527976800.0,9616],
[1528063200.0,7946],
[1528149600.0,8562],
[1528236000.0,8857],
[1528322400.0,9250],
[1528408800.0,12026],
[1528495200.0,11742],
[1528581600.0,9579],
[1528668000.0,9140],
[1528754400.0,10272],
[1528840800.0,10662],
[1528927200.0,10698],
[1529013600.0,10826],
[1529100000.0,13397],
[1529186400.0,9887],
[1529272800.0,9750],
[1529359200.0,10047],
[1529445600.0,9281],
[1529532000.0,10169],
[1529618400.0,12411],
[1529704800.0,14309],
[1529791200.0,9538],
[1529877600.0,11157],
[1529964000.0,11134],
[1530050400.0,11470],
[1530136800.0,12771],
[1530223200.0,17792],
[1530309600.0,23312],
[1530396000.0,15241],
[1530482400.0,16357],
[1530568800.0,23474],
[1530655200.0,23335],
[1530741600.0,20842],
[1530828000.0,25731],
[1530914400.0,32759],
[1531000800.0,21777],
[1531087200.0,24175],
[1531173600.0,26109],
[1531260000.0,25415],
[1531346400.0,29773],
[1531432800.0,35281],
[1531519200.0,37721],
[1531605600.0,31118],
[1531692000.0,28847],
[1531778400.0,20533],
[1531864800.0,21952],
[1531951200.0,22817],
[1532037600.0,26944],
[1532124000.0,28175],
[1532210400.0,25699],
[1532296800.0,27309],
[1532383200.0,27915],
[1532469600.0,27880],
[1532556000.0,28066],
[1532642400.0,28918],
[1532728800.0,34735],
[1532815200.0,26891],
[1532901600.0,27483],
[1532988000.0,28302],
[1533074400.0,27216],
[1533160800.0,29399],
[1533247200.0,32027],
[1533333600.0,36829],
[1533420000.0,34919],
[1533506400.0,23271],
[1533592800.0,34944],
[1533679200.0,36254],
[1533765600.0,34320],
[1533852000.0,34931],
[1533938400.0,38392],
[1534024800.0,37748],
[1534111200.0,37390],
[1534197600.0,37777],
[1534284000.0,37104],
[1534370400.0,36651],
[1534456800.0,35916],
[1534543200.0,34820],
[1534629600.0,30599],
[1534716000.0,29778],
[1534802400.0,29280],
[1534888800.0,28036],
[1534975200.0,26705],
[1535061600.0,24828],
[1535148000.0,22916],
[1535234400.0,22166],
[1535320800.0,20366],
[1535407200.0,18652],
[1535493600.0,0],
[1535580000.0,15925],
[1535666400.0,16934],
[1535752800.0,18807],
[1535839200.0,14377],
[1535925600.0,14490],
[1536012000.0,10506],
[1536098400.0,12228],
[1536184800.0,13836],
[1536271200.0,15479],
[1536357600.0,17684],
[1536444000.0,11054],
[1536530400.0,12344],
[1536616800.0,12617],
[1536703200.0,12168],
[1536789600.0,12505],
[1536876000.0,13977],
[1536962400.0,14229],
[1537048800.0,10650],
[1537135200.0,10378],
[1537221600.0,9383],
[1537308000.0,10048],
[1537394400.0,10160],
[1537480800.0,12064],
[1537567200.0,13661],
[1537653600.0,9593],
[1537740000.0,9718],
[1537826400.0,9655],
[1537912800.0,7780],
[1537999200.0,9600],
[1538085600.0,11379],
[1538172000.0,12269],
[1538258400.0,8705],
[1538344800.0,7803],
[1538431200.0,7430],
[1538517600.0,7353],
[1538604000.0,7620],
[1538690400.0,8650],
[1538776800.0,9549],
[1538863200.0,6959],
[1538949600.0,6599],
[1539036000.0,7192],
[1539122400.0,7812],
[1539208800.0,8247],
[1539295200.0,9808],
[1539381600.0,10881],
[1539468000.0,7494],
[1539554400.0,7532],
[1539640800.0,6740],
[1539727200.0,6578],
[1539813600.0,7200],
[1539900000.0,8158],
[1539986400.0,10822],
[1540072800.0,9334],
[1540159200.0,9805],
[1540245600.0,10590],
[1540332000.0,10596],
[1540418400.0,11355],
[1540504800.0,12370],
[1540591200.0,12925],
[1540677600.0,6440],
[1540767600.0,12340],
[1540854000.0,11596],
[1540940400.0,12845],
[1541026800.0,14840],
[1541113200.0,15754],
[1541199600.0,12571],
[1541286000.0,5320],
[1541372400.0,6655],
[1541458800.0,6562],
[1541545200.0,6486],
[1541631600.0,6508],
[1541718000.0,6855],
[1541804400.0,7200],
[1541890800.0,5405],
[1541977200.0,5643],
[1542063600.0,4841],
[1542150000.0,4711],
[1542236400.0,4708],
[1542322800.0,6338],
[1542409200.0,6267],
[1542495600.0,3170],
[1542582000.0,4521],
[1542668400.0,4514],
[1542754800.0,4407],
[1542841200.0,4519],
[1542927600.0,4941],
[1543014000.0,5809],
[1543100400.0,3802],
[1543186800.0,3918],
[1543273200.0,3889],
[1543359600.0,3265],
[1543446000.0,3280],
[1543532400.0,4147],
[1543618800.0,5095],
[1543705200.0,3470],
[1543791600.0,0],
[1543878000.0,3990],
[1543964400.0,4045],
[1544050800.0,4793],
[1544137200.0,5730],
[1544223600.0,6065],
[1544310000.0,3125],
[1544396400.0,3701],
[1544482800.0,3607],
[1544569200.0,3470],
[1544655600.0,3014],
[1544742000.0,4304],
[1544828400.0,5186],
[1544914800.0,3497],
[1545001200.0,3962],
[1545087600.0,3708],
[1545174000.0,4498],
[1545260400.0,5572],
[1545346800.0,7703],
[1545433200.0,13855],
[1545519600.0,18149],
[1545606000.0,22935],
[1545692400.0,19773],
[1545778800.0,18999],
[1545865200.0,19636],
[1545951600.0,20106],
[1546038000.0,22222],
[1546124400.0,21727],
[1546210800.0,26681],
]
